DRAW_BOX;HistZone_199;77931.36;77815.19;199;200;0,255,0
DRAW_BOX;HistZone_198;77931.36;77815.19;198;201;0,255,0
DRAW_BOX;HistZone_197;77931.36;77815.19;197;202;0,255,0
DRAW_BOX;HistZone_196;77931.36;77815.19;196;203;0,255,0
DRAW_BOX;HistZone_195;77931.36;77815.19;195;204;0,255,0
DRAW_BOX;HistZone_194;77931.36;77815.19;194;205;0,255,0
DRAW_BOX;HistZone_193;77931.36;77815.19;193;206;0,255,0
DRAW_BOX;HistZone_192;77931.36;77815.19;192;207;0,255,0
DRAW_BOX;HistZone_191;77931.36;77815.19;191;208;0,255,0
DRAW_BOX;HistZone_190;77931.36;77815.19;190;209;0,255,0
DRAW_BOX;HistZone_189;77931.36;77815.19;189;210;0,255,0
DRAW_BOX;HistZone_188;77931.36;77815.19;188;211;0,255,0
DRAW_BOX;HistZone_187;77931.36;77815.19;187;212;0,255,0
DRAW_BOX;HistZone_196;77974.41;77956.87;196;213;0,255,0
DRAW_BOX;HistZone_195;77974.41;77956.87;195;214;0,255,0
DRAW_BOX;HistZone_194;77974.41;77956.87;194;215;0,255,0
DRAW_BOX;HistZone_200;77990.33;77975.29;200;216;0,255,0
DRAW_BOX;HistZone_200;77990.34;77972.26;200;217;255,0,0
DRAW_BOX;HistZone_200;77972.29;77953.11;200;218;255,0,0
DRAW_BOX;HistZone_200;77971.99;77953.09;200;219;0,255,0
DRAW_BOX;HistZone_199;77971.99;77953.09;199;220;0,255,0
DRAW_BOX;HistZone_198;77971.99;77953.09;198;221;0,255,0
DRAW_BOX;HistZone_197;77971.99;77953.09;197;222;0,255,0
DRAW_HLINE;HistTarget_223;78020.69;255,255,0
DRAW_BOX;HistZone_200;78000.41;77972.14;200;223;0,255,0
DRAW_BOX;HistZone_200;77996.63;77974.97;200;224;255,0,0
DRAW_BOX;HistZone_200;77974.97;77942.1;200;225;255,0,0
DRAW_BOX;HistZone_199;77974.97;77942.1;199;226;255,0,0
DRAW_BOX;HistZone_198;77974.97;77942.1;198;227;255,0,0
DRAW_BOX;HistZone_200;77946.74;77925.17;200;228;255,0,0
DRAW_BOX;HistZone_196;77974.97;77942.1;196;229;255,0,0
DRAW_BOX;HistZone_195;77974.97;77942.1;195;230;255,0,0
DRAW_BOX;HistZone_197;77946.74;77925.17;197;231;255,0,0
DRAW_BOX;HistZone_196;77946.74;77925.17;196;232;255,0,0
DRAW_BOX;HistZone_195;77946.74;77925.17;195;233;255,0,0
DRAW_BOX;HistZone_194;77946.74;77925.17;194;234;255,0,0
DRAW_BOX;HistZone_200;77964.32;77937.86;200;235;0,255,0
DRAW_BOX;HistZone_199;77964.32;77937.86;199;236;0,255,0
DRAW_BOX;HistZone_198;77964.32;77937.86;198;237;0,255,0
DRAW_BOX;HistZone_197;77964.32;77937.86;197;238;0,255,0
DRAW_BOX;HistZone_196;77964.32;77937.86;196;239;0,255,0
DRAW_BOX;HistZone_195;77964.32;77937.86;195;240;0,255,0
DRAW_BOX;HistZone_194;77964.32;77937.86;194;241;0,255,0
DRAW_BOX;HistZone_193;77964.32;77937.86;193;242;0,255,0
DRAW_HLINE;HistTarget_243;78030.6332142857;255,255,0
DRAW_BOX;HistZone_200;78007.68;77973.62;200;243;0,255,0
DRAW_BOX;HistZone_200;78007.63;77982.87;200;244;255,0,0
DRAW_BOX;HistZone_199;78007.63;77982.87;199;245;255,0,0
DRAW_BOX;HistZone_198;78007.63;77982.87;198;246;255,0,0
DRAW_BOX;HistZone_197;78007.63;77982.87;197;247;255,0,0
DRAW_BOX;HistZone_196;78007.63;77982.87;196;248;255,0,0
DRAW_BOX;HistZone_195;78007.63;77982.87;195;249;255,0,0
DRAW_BOX;HistZone_194;78007.63;77982.87;194;250;255,0,0
DRAW_BOX;HistZone_193;78007.63;77982.87;193;251;255,0,0
DRAW_BOX;HistZone_200;77995.27;77968.78;200;252;0,255,0
DRAW_BOX;HistZone_199;77995.27;77968.78;199;253;0,255,0
DRAW_BOX;HistZone_198;77995.27;77968.78;198;254;0,255,0
DRAW_BOX;HistZone_200;77997.42;77976.29;200;255;0,255,0
DRAW_BOX;HistZone_199;77997.42;77976.29;199;256;0,255,0
DRAW_BOX;HistZone_198;77997.42;77976.29;198;257;0,255,0
DRAW_BOX;HistZone_200;77994.01;77969.75;200;258;0,255,0
DRAW_HLINE;HistTarget_259;77914.2;255,255,0
DRAW_BOX;HistZone_200;77993.65;77960.43;200;259;255,0,0
DRAW_BOX;HistZone_199;77993.65;77960.43;199;260;255,0,0
DRAW_HLINE;HistTarget_261;78040.94;255,255,0
DRAW_BOX;HistZone_200;77995.28;77960.85;200;261;0,255,0
DRAW_BOX;HistZone_200;78039.56;77995.34;200;262;0,255,0
DRAW_BOX;HistZone_199;78039.56;77995.34;199;263;0,255,0
DRAW_BOX;HistZone_198;78039.56;77995.34;198;264;0,255,0
DRAW_BOX;HistZone_200;78041.13;78001.52;200;265;255,0,0
DRAW_HLINE;HistTarget_266;78049.4;255,255,0
DRAW_BOX;HistZone_199;78041.13;78001.52;199;266;255,0,0
DRAW_BOX;HistZone_200;78042.34;77981.29;200;267;0,255,0
DRAW_BOX;HistZone_199;78042.34;77981.29;199;268;0,255,0
DRAW_BOX;HistZone_198;78042.34;77981.29;198;269;0,255,0
DRAW_BOX;HistZone_197;78042.34;77981.29;197;270;0,255,0
DRAW_BOX;HistZone_196;78042.34;77981.29;196;271;0,255,0
DRAW_BOX;HistZone_200;78277.06;78092.39;200;272;0,255,0
DRAW_BOX;HistZone_200;78277.28;78183.96;200;273;255,0,0
DRAW_BOX;HistZone_199;78277.28;78183.96;199;274;255,0,0
DRAW_BOX;HistZone_198;78277.28;78183.96;198;275;255,0,0
DRAW_BOX;HistZone_197;78277.28;78183.96;197;276;255,0,0
DRAW_BOX;HistZone_196;78277.28;78183.96;196;277;255,0,0
DRAW_BOX;HistZone_195;78277.28;78183.96;195;278;255,0,0
DRAW_BOX;HistZone_194;78277.28;78183.96;194;279;255,0,0
DRAW_BOX;HistZone_193;78277.28;78183.96;193;280;255,0,0
DRAW_BOX;HistZone_192;78277.28;78183.96;192;281;255,0,0
DRAW_BOX;HistZone_191;78277.28;78183.96;191;282;255,0,0
DRAW_HLINE;HistTarget_283;78322.07;255,255,0
DRAW_BOX;HistZone_190;78277.28;78183.96;190;283;255,0,0
DRAW_BOX;HistZone_189;78277.28;78183.96;189;284;255,0,0
DRAW_BOX;HistZone_188;78277.28;78183.96;188;285;255,0,0
DRAW_BOX;HistZone_187;78277.28;78183.96;187;286;255,0,0
DRAW_BOX;HistZone_200;78170.93;78129.06;200;287;255,0,0
DRAW_BOX;HistZone_199;78170.93;78129.06;199;288;255,0,0
DRAW_BOX;HistZone_198;78170.93;78129.06;198;289;255,0,0
DRAW_BOX;HistZone_197;78170.93;78129.06;197;290;255,0,0
DRAW_BOX;HistZone_196;78170.93;78129.06;196;291;255,0,0
DRAW_BOX;HistZone_195;78170.93;78129.06;195;292;255,0,0
DRAW_BOX;HistZone_194;78170.93;78129.06;194;293;255,0,0
DRAW_BOX;HistZone_193;78170.93;78129.06;193;294;255,0,0
DRAW_BOX;HistZone_192;78170.93;78129.06;192;295;255,0,0
DRAW_BOX;HistZone_191;78170.93;78129.06;191;296;255,0,0
DRAW_BOX;HistZone_200;78147.2;78117.36;200;297;0,255,0
DRAW_BOX;HistZone_200;78189.36;78147.21;200;298;0,255,0
DRAW_BOX;HistZone_199;78189.36;78147.21;199;299;0,255,0
DRAW_BOX;HistZone_198;78189.36;78147.21;198;300;0,255,0
DRAW_BOX;HistZone_200;78192.25;78159.48;200;301;0,255,0
DRAW_BOX;HistZone_199;78192.25;78159.48;199;302;0,255,0
DRAW_BOX;HistZone_200;78226.22;78192.14;200;303;0,255,0
DRAW_BOX;HistZone_199;78226.22;78192.14;199;304;0,255,0
DRAW_BOX;HistZone_198;78226.22;78192.14;198;305;0,255,0
DRAW_BOX;HistZone_197;78226.22;78192.14;197;306;0,255,0
DRAW_BOX;HistZone_196;78226.22;78192.14;196;307;0,255,0
DRAW_BOX;HistZone_195;78226.22;78192.14;195;308;0,255,0
DRAW_BOX;HistZone_194;78226.22;78192.14;194;309;0,255,0
DRAW_BOX;HistZone_200;78259.16;78225.6;200;310;0,255,0
DRAW_BOX;HistZone_200;78259.16;78229.32;200;311;255,0,0
DRAW_BOX;HistZone_199;78259.16;78229.32;199;312;255,0,0
DRAW_BOX;HistZone_198;78259.16;78229.32;198;313;255,0,0
DRAW_BOX;HistZone_197;78259.16;78229.32;197;314;255,0,0
DRAW_BOX;HistZone_200;78237.85;78193.03;200;315;255,0,0
DRAW_BOX;HistZone_199;78237.85;78193.03;199;316;255,0,0
DRAW_BOX;HistZone_198;78237.85;78193.03;198;317;255,0,0
DRAW_BOX;HistZone_197;78237.85;78193.03;197;318;255,0,0
DRAW_BOX;HistZone_196;78237.85;78193.03;196;319;255,0,0
DRAW_BOX;HistZone_195;78237.85;78193.03;195;320;255,0,0
DRAW_BOX;HistZone_194;78237.85;78193.03;194;321;255,0,0
DRAW_BOX;HistZone_193;78237.85;78193.03;193;322;255,0,0
DRAW_BOX;HistZone_192;78237.85;78193.03;192;323;255,0,0
DRAW_HLINE;HistTarget_324;78302.77249999999;255,255,0
DRAW_BOX;HistZone_200;78260.36;78208.96;200;324;0,255,0
DRAW_BOX;HistZone_200;78304.92;78260.35;200;325;0,255,0
DRAW_BOX;HistZone_199;78304.92;78260.35;199;326;0,255,0
DRAW_BOX;HistZone_198;78304.92;78260.35;198;327;0,255,0
DRAW_BOX;HistZone_196;78260.36;78208.96;196;328;0,255,0
DRAW_BOX;HistZone_195;78260.36;78208.96;195;329;0,255,0
DRAW_BOX;HistZone_200;78459.26;78359.37;200;330;0,255,0
DRAW_BOX;HistZone_199;78459.26;78359.37;199;331;0,255,0
DRAW_BOX;HistZone_198;78459.26;78359.37;198;332;0,255,0
DRAW_BOX;HistZone_200;78420.62;78359.46;200;333;255,0,0
DRAW_HLINE;HistTarget_334;78477.36;255,255,0
DRAW_BOX;HistZone_196;78459.26;78359.37;196;334;0,255,0
DRAW_BOX;HistZone_137;78277.06;78092.39;137;335;0,255,0
DRAW_BOX;HistZone_136;78277.06;78092.39;136;336;0,255,0
DRAW_HLINE;HistTarget_337;78477.36;255,255,0
DRAW_BOX;HistZone_135;78277.06;78092.39;135;337;0,255,0
DRAW_BOX;HistZone_134;78277.06;78092.39;134;338;0,255,0
DRAW_BOX;HistZone_200;78249.55;78175.1;200;339;255,0,0
DRAW_HLINE;HistTarget_340;77882.515;255,255,0
DRAW_BOX;HistZone_200;78172.15;77999.62;200;340;255,0,0
DRAW_BOX;HistZone_200;78123.7;77999.55;200;341;0,255,0
DRAW_BOX;HistZone_199;78123.7;77999.55;199;342;0,255,0
DRAW_BOX;HistZone_198;78123.7;77999.55;198;343;0,255,0
DRAW_BOX;HistZone_197;78123.7;77999.55;197;344;0,255,0
DRAW_HLINE;HistTarget_345;77968.53;255,255,0
DRAW_BOX;HistZone_196;78123.7;77999.55;196;345;0,255,0
DRAW_BOX;HistZone_195;78123.7;77999.55;195;346;0,255,0
DRAW_BOX;HistZone_194;78123.7;77999.55;194;347;0,255,0
DRAW_BOX;HistZone_193;78123.7;77999.55;193;348;0,255,0
DRAW_BOX;HistZone_192;78123.7;77999.55;192;349;0,255,0
DRAW_BOX;HistZone_191;78123.7;77999.55;191;350;0,255,0
DRAW_HLINE;HistTarget_351;77968.53;255,255,0
DRAW_BOX;HistZone_190;78123.7;77999.55;190;351;0,255,0
DRAW_BOX;HistZone_189;78123.7;77999.55;189;352;0,255,0
DRAW_BOX;HistZone_188;78123.7;77999.55;188;353;0,255,0
DRAW_BOX;HistZone_187;78123.7;77999.55;187;354;0,255,0
DRAW_BOX;HistZone_186;78123.7;77999.55;186;355;0,255,0
DRAW_BOX;HistZone_185;78123.7;77999.55;185;356;0,255,0
DRAW_HLINE;HistTarget_357;77968.53;255,255,0
DRAW_BOX;HistZone_184;78123.7;77999.55;184;357;0,255,0
DRAW_BOX;HistZone_183;78123.7;77999.55;183;358;0,255,0
DRAW_BOX;HistZone_182;78123.7;77999.55;182;359;0,255,0
DRAW_BOX;HistZone_192;78142.71;78090.95;192;360;255,0,0
DRAW_BOX;HistZone_191;78142.71;78090.95;191;361;255,0,0
DRAW_BOX;HistZone_190;78142.71;78090.95;190;362;255,0,0
DRAW_BOX;HistZone_192;78096.6;78052.71;192;363;0,255,0
DRAW_BOX;HistZone_191;78096.6;78052.71;191;364;0,255,0
DRAW_BOX;HistZone_190;78096.6;78052.71;190;365;0,255,0
DRAW_BOX;HistZone_191;78140.46;78108.3;191;366;0,255,0
DRAW_BOX;HistZone_197;78187.1;78158.49;197;367;0,255,0
DRAW_BOX;HistZone_197;78213.61;78187.25;197;368;0,255,0
DRAW_BOX;HistZone_196;78213.61;78187.25;196;369;0,255,0
DRAW_BOX;HistZone_195;78213.61;78187.25;195;370;0,255,0
DRAW_BOX;HistZone_200;78249.16;78212.66;200;371;255,0,0
DRAW_BOX;HistZone_200;78212.68;78186.56;200;372;255,0,0
DRAW_BOX;HistZone_199;78212.68;78186.56;199;373;255,0,0
DRAW_BOX;HistZone_198;78212.68;78186.56;198;374;255,0,0
DRAW_BOX;HistZone_197;78212.68;78186.56;197;375;255,0,0
DRAW_BOX;HistZone_195;78249.16;78212.66;195;376;255,0,0
DRAW_BOX;HistZone_194;78249.16;78212.66;194;377;255,0,0
DRAW_BOX;HistZone_193;78249.16;78212.66;193;378;255,0,0
DRAW_BOX;HistZone_193;78212.68;78186.56;193;379;255,0,0
DRAW_BOX;HistZone_192;78212.68;78186.56;192;380;255,0,0
DRAW_BOX;HistZone_191;78212.68;78186.56;191;381;255,0,0
DRAW_BOX;HistZone_200;78220.24;78191.98;200;382;255,0,0
DRAW_BOX;HistZone_199;78220.24;78191.98;199;383;255,0,0
DRAW_BOX;HistZone_198;78220.24;78191.98;198;384;255,0,0
DRAW_BOX;HistZone_197;78220.24;78191.98;197;385;255,0,0
DRAW_BOX;HistZone_196;78220.24;78191.98;196;386;255,0,0
DRAW_BOX;HistZone_195;78220.24;78191.98;195;387;255,0,0
DRAW_BOX;HistZone_200;78207.4;78166.71;200;388;255,0,0
DRAW_BOX;HistZone_200;78166.65;78142.53;200;389;255,0,0
DRAW_BOX;HistZone_200;78165.05;78142.45;200;390;0,255,0
DRAW_BOX;HistZone_199;78165.05;78142.45;199;391;0,255,0
DRAW_BOX;HistZone_198;78165.05;78142.45;198;392;0,255,0
DRAW_BOX;HistZone_196;78166.65;78142.53;196;393;255,0,0
DRAW_BOX;HistZone_195;78166.65;78142.53;195;394;255,0,0
DRAW_BOX;HistZone_194;78166.65;78142.53;194;395;255,0,0
DRAW_BOX;HistZone_196;78157.84;78137.18;196;396;255,0,0
DRAW_BOX;HistZone_200;78158.75;78130.51;200;397;0,255,0
DRAW_BOX;HistZone_199;78158.75;78130.51;199;398;0,255,0
DRAW_BOX;HistZone_200;78168.55;78146.3;200;399;0,255,0
DRAW_BOX;HistZone_199;78168.55;78146.3;199;400;0,255,0
DRAW_BOX;HistZone_198;78168.55;78146.3;198;401;0,255,0
DRAW_BOX;HistZone_197;78168.55;78146.3;197;402;0,255,0
DRAW_BOX;HistZone_196;78168.55;78146.3;196;403;0,255,0
DRAW_BOX;HistZone_195;78168.55;78146.3;195;404;0,255,0
DRAW_HLINE;HistTarget_405;78258.8292857143;255,255,0
DRAW_BOX;HistZone_200;78229.32;78183.96;200;405;0,255,0
DRAW_BOX;HistZone_200;78257.43;78229.35;200;406;0,255,0
DRAW_BOX;HistZone_199;78257.43;78229.35;199;407;0,255,0
DRAW_BOX;HistZone_198;78257.43;78229.35;198;408;0,255,0
DRAW_BOX;HistZone_200;78308.51;78239.5;200;409;0,255,0
DRAW_BOX;HistZone_199;78308.51;78239.5;199;410;0,255,0
DRAW_BOX;HistZone_198;78308.51;78239.5;198;411;0,255,0
DRAW_BOX;HistZone_200;78286.37;78242.81;200;412;255,0,0
DRAW_HLINE;HistTarget_413;78343.05;255,255,0
DRAW_BOX;HistZone_199;78286.37;78242.81;199;413;255,0,0
DRAW_BOX;HistZone_198;78286.37;78242.81;198;414;255,0,0
DRAW_HLINE;HistTarget_415;78343.05;255,255,0
DRAW_BOX;HistZone_197;78286.37;78242.81;197;415;255,0,0
DRAW_HLINE;HistTarget_416;78343.05;255,255,0
DRAW_BOX;HistZone_196;78286.37;78242.81;196;416;255,0,0
DRAW_BOX;HistZone_195;78286.37;78242.81;195;417;255,0,0
DRAW_BOX;HistZone_194;78286.37;78242.81;194;418;255,0,0
DRAW_BOX;HistZone_193;78286.37;78242.81;193;419;255,0,0
DRAW_BOX;HistZone_192;78286.37;78242.81;192;420;255,0,0
DRAW_BOX;HistZone_200;78307.61;78263.06;200;421;0,255,0
DRAW_BOX;HistZone_199;78307.61;78263.06;199;422;0,255,0
DRAW_BOX;HistZone_200;78292.52;78244.05;200;423;255,0,0
DRAW_HLINE;HistTarget_424;78343.05;255,255,0
DRAW_BOX;HistZone_199;78292.52;78244.05;199;424;255,0,0
DRAW_BOX;HistZone_198;78292.52;78244.05;198;425;255,0,0
DRAW_BOX;HistZone_197;78292.52;78244.05;197;426;255,0,0
DRAW_BOX;HistZone_196;78292.52;78244.05;196;427;255,0,0
DRAW_BOX;HistZone_195;78292.52;78244.05;195;428;255,0,0
DRAW_BOX;HistZone_200;78236.56;78205.01;200;429;255,0,0
DRAW_BOX;HistZone_199;78236.56;78205.01;199;430;255,0,0
DRAW_BOX;HistZone_198;78236.56;78205.01;198;431;255,0,0
DRAW_BOX;HistZone_197;78236.56;78205.01;197;432;255,0,0
DRAW_BOX;HistZone_196;78236.56;78205.01;196;433;255,0,0
DRAW_BOX;HistZone_200;78239.05;78212.05;200;434;255,0,0
DRAW_BOX;HistZone_199;78239.05;78212.05;199;435;255,0,0
DRAW_BOX;HistZone_198;78239.05;78212.05;198;436;255,0,0
DRAW_BOX;HistZone_200;78245.61;78219.58;200;437;0,255,0
DRAW_BOX;HistZone_200;78245.62;78210.55;200;438;255,0,0
DRAW_BOX;HistZone_199;78245.62;78210.55;199;439;255,0,0
DRAW_BOX;HistZone_198;78245.62;78210.55;198;440;255,0,0
DRAW_BOX;HistZone_197;78245.62;78210.55;197;441;255,0,0
DRAW_BOX;HistZone_196;78245.62;78210.55;196;442;255,0,0
DRAW_BOX;HistZone_195;78245.62;78210.55;195;443;255,0,0
DRAW_BOX;HistZone_194;78245.62;78210.55;194;444;255,0,0
DRAW_BOX;HistZone_198;78224.9;78206.56;198;445;255,0,0
DRAW_BOX;HistZone_197;78224.9;78206.56;197;446;255,0,0
DRAW_BOX;HistZone_196;78224.9;78206.56;196;447;255,0,0
DRAW_BOX;HistZone_195;78224.9;78206.56;195;448;255,0,0
DRAW_HLINE;HistTarget_449;78167.22;255,255,0
DRAW_BOX;HistZone_194;78224.9;78206.56;194;449;255,0,0
DRAW_BOX;HistZone_193;78224.9;78206.56;193;450;255,0,0
DRAW_BOX;HistZone_192;78224.9;78206.56;192;451;255,0,0
DRAW_BOX;HistZone_191;78224.9;78206.56;191;452;255,0,0
DRAW_BOX;HistZone_200;78227.93;78161.28;200;453;255,0,0
DRAW_BOX;HistZone_199;78227.93;78161.28;199;454;255,0,0
DRAW_BOX;HistZone_200;78151.52;78129.53;200;455;255,0,0
DRAW_BOX;HistZone_200;78129.54;78056.4;200;456;255,0,0
DRAW_BOX;HistZone_199;78129.54;78056.4;199;457;255,0,0
DRAW_BOX;HistZone_200;78057.48;77967.52;200;458;255,0,0
DRAW_BOX;HistZone_199;78057.48;77967.52;199;459;255,0,0
DRAW_BOX;HistZone_198;78057.48;77967.52;198;460;255,0,0
DRAW_BOX;HistZone_197;78057.48;77967.52;197;461;255,0,0
DRAW_BOX;HistZone_196;78057.48;77967.52;196;462;255,0,0
DRAW_BOX;HistZone_195;78057.48;77967.52;195;463;255,0,0
DRAW_BOX;HistZone_194;78057.48;77967.52;194;464;255,0,0
DRAW_BOX;HistZone_193;78057.48;77967.52;193;465;255,0,0
DRAW_BOX;HistZone_192;78057.48;77967.52;192;466;255,0,0
DRAW_BOX;HistZone_191;78057.48;77967.52;191;467;255,0,0
DRAW_BOX;HistZone_190;78057.48;77967.52;190;468;255,0,0
DRAW_BOX;HistZone_189;78057.48;77967.52;189;469;255,0,0
DRAW_BOX;HistZone_188;78057.48;77967.52;188;470;255,0,0
DRAW_BOX;HistZone_187;78057.48;77967.52;187;471;255,0,0
DRAW_BOX;HistZone_186;78057.48;77967.52;186;472;255,0,0
DRAW_HLINE;HistTarget_473;77814.58;255,255,0
DRAW_BOX;HistZone_185;78057.48;77967.52;185;473;255,0,0
DRAW_BOX;HistZone_184;78057.48;77967.52;184;474;255,0,0
DRAW_BOX;HistZone_183;78057.48;77967.52;183;475;255,0,0
DRAW_BOX;HistZone_182;78057.48;77967.52;182;476;255,0,0
DRAW_BOX;HistZone_181;78057.48;77967.52;181;477;255,0,0
DRAW_BOX;HistZone_180;78057.48;77967.52;180;478;255,0,0
DRAW_HLINE;HistTarget_479;78670.73142857142;255,255,0
DRAW_BOX;HistZone_200;78528.9;77862.3;200;479;0,255,0
DRAW_BOX;HistZone_200;78528.5;78361.1;200;480;255,0,0
DRAW_BOX;HistZone_198;78528.9;77862.3;198;481;0,255,0
DRAW_BOX;HistZone_197;78528.9;77862.3;197;482;0,255,0
DRAW_BOX;HistZone_196;78528.9;77862.3;196;483;0,255,0
DRAW_BOX;HistZone_195;78528.9;77862.3;195;484;0,255,0
DRAW_BOX;HistZone_194;78528.9;77862.3;194;485;0,255,0
DRAW_BOX;HistZone_193;78528.9;77862.3;193;486;0,255,0
DRAW_BOX;HistZone_192;78528.9;77862.3;192;487;0,255,0
DRAW_BOX;HistZone_191;78528.9;77862.3;191;488;0,255,0
DRAW_BOX;HistZone_190;78528.9;77862.3;190;489;0,255,0
DRAW_BOX;HistZone_189;78528.9;77862.3;189;490;0,255,0
DRAW_BOX;HistZone_188;78528.9;77862.3;188;491;0,255,0
DRAW_BOX;HistZone_187;78528.9;77862.3;187;492;0,255,0
DRAW_BOX;HistZone_186;78528.9;77862.3;186;493;0,255,0
DRAW_BOX;HistZone_186;78528.5;78361.1;186;494;255,0,0
DRAW_BOX;HistZone_185;78528.5;78361.1;185;495;255,0,0
DRAW_BOX;HistZone_184;78528.5;78361.1;184;496;255,0,0
DRAW_BOX;HistZone_183;78528.5;78361.1;183;497;255,0,0
DRAW_BOX;HistZone_182;78528.5;78361.1;182;498;255,0,0
DRAW_BOX;HistZone_188;78531.9;78443.94;188;499;255,0,0
